#header info#
48	#latitude; used for cacluating drought index in model bugmann#
1490	#meter a.s.l. #

#temperature laps rate with increasing altitude: #
-0.50	-0.50	-0.50	-0.50	-0.50	-0.50	-0.50	-0.50	-0.50	-0.50	-0.50	-0.50

#precipitation	laps	rate	with	increasing	altitude:	#
4.0	4.0	4.0	4.0	4.0	4.0	4.0	4.0	4.0	4.0	4.0	4.0

100	#meter:	corrections	(see	above)	every	x	meter.	#

#	mean	monthly	temperature	C								total	monthly	precipitation		mm		#
#	jan	feb	marz	april	mai	june	july	aug	sept	oct	nov	dec	jan	feb	marz	april	mai	june	july	aug	sept	oct	nov	dec	#
1946 -4 -3.5 -0.4 4.6 6.9 7.7 11.9 9.9 9.1 3.1 -0.4 -5.4 135.7 396.2 65.1 27.4 137 311.6 81.2 158 134.9 74.7 115.5 124.8
1947 -7.2 -5.2 -0.5 4 8.2 11.1 13.3 13.6 11.5 6 0.6 -4.7 90 118.3 240 105.5 93.6 83.3 144.8 71.4 57.7 51.2 292.9 210.6
1948 -1.9 -4.2 3 2.6 7 8.1 8.5 10.3 8.5 4.5 3.6 -0.1 289.6 120.7 68.2 123.8 119 167.5 368.6 200.7 88.3 94.2 105.5 46.3
1949 -2.6 -2.3 -3.5 5.2 4.4 8.5 12.8 11.7 12.3 6.4 -1.8 -1.7 102 34.4 94.9 183.8 160 89 41.2 100.1 86 37.8 123.5 156.7
1950 -4.2 -1.8 -0.3 -0.7 7.8 12.1 13 11.5 7.2 4.5 -0.9 -6.5 81.7 195.8 41.1 193 145.9 106.1 144.2 208.4 220 70.7 417.7 137.8
1951 -3.1 -4 -3 0.7 5.1 8.6 11.3 10.6 9.2 4 1.3 0.5 183.6 106.2 169.6 92.7 112.1 214.2 119.4 162.7 112.2 70.4 204.1 101.2
1952 -5.3 -5.5 -0.5 4 6.2 10.2 13.8 12.4 3.9 2.4 -2.5 -4 206.9 130.3 210.1 109.8 62.7 96.3 36.4 125.4 200.6 311.8 342 219.7
1953 -5.8 -4.7 0.8 2.9 7.2 8 10.6 11 8.8 6.3 4.3 1.7 41.9 158.8 14.9 97 161.4 245.5 209 54.4 126.2 35.1 35.7 57
1954 -7.9 -4.9 0 -0.8 4.6 8.8 7.6 9.2 7.7 4.8 1 -0.9 124.5 60.1 56.9 98.5 91.4 117.4 238.4 315 298.3 141.7 132.1 167.1
1955 -0.5 -5.6 -4 1.3 3.9 8.7 10.4 10.1 7.3 2.6 -0.1 -0.4 278.1 166.5 109.1 41.8 217.6 190.5 185.2 75.6 97.1 77 45.1 212
1956 -3.1 -13.7 -1.6 -0.5 6.5 5.8 9.9 8.3 10.2 3.1 -2.5 -2.4 183 38.7 82.6 168 157.5 157.8 294.8 334.5 127.4 191.7 91.4 69
1957 -3.1 -1.3 3.1 1.7 2.2 10 10.8 8.8 6.7 5.8 1 -2.5 105.8 253.4 114.9 66.9 78.5 237.8 216 183.2 224.7 46.2 40.9 70.5
1958 -3.2 -1.5 -5.3 -1.5 8 8 10.7 11.6 10.2 4.4 1.7 -2.1 166 377.8 80 145.9 166.2 200 169 190.9 151.2 145.6 101.5 163.3
1959 -4.1 1.2 1.6 2.9 6.4 9.2 13.3 10.5 10.1 5 0.7 -1.1 235.9 12.5 107.5 131.6 103.1 220 96.1 88.1 23.3 120.1 55.5 170.8
1960 -4.4 -2.5 -0.1 1.1 7.3 9.9 7.9 9.6 6.7 3.7 0.4 -3.7 108.9 177.8 76.6 73.3 176.6 210.8 207.3 354.8 166.3 208.6 191.3 98.6
1961 -3.5 0.8 0.9 4.6 3.5 9.3 9.1 10.2 12.8 5.8 0.8 -1.8 159.5 145.2 106.9 149.8 189.9 161.3 341 199.2 133.9 166 117.9 345.9
1962 -3.3 -5.7 -5.8 1.4 2.8 7.6 9.5 11.6 7.8 5.3 -1.5 -4.8 210.8 183.9 226 126.1 194 65.7 112.5 130.3 141.6 21.3 62.7 223.1
1963 -9.5 -7.9 -1.6 2.7 4.6 8.4 11.5 9 8.4 5.7 2.1 -2.9 55.7 59.5 141.1 83.5 98.3 282.2 102 444.3 118.3 128.4 286.3 10.6
1964 -2.3 -2.3 -2.8 2.8 7.5 10.1 13.1 10.2 9.4 2.4 0.9 -3.2 23.3 82.5 145.1 95 223.6 120.8 45.7 126.6 142.8 165.4 213.3 98.8
1965 -3.7 -8 -1.8 -0.1 4.1 9.3 8.4 9.3 6.6 7 -1.8 -2.7 189.3 100.3 195.7 210.1 267.5 179.2 238.4 162.7 256.9 35.3 283.9 398.3
1966 -5.3 1 -3.3 3 6.1 9.6 8.4 9 9.7 6.6 -2.5 -3.9 151.5 155.4 191.5 180.8 206.6 177 206.2 236.6 76.2 104.8 132.5 355.6
1967 -3.7 -2.7 -1 0.1 5.4 8 12.9 10.3 7.7 6.9 2.1 -5 156.1 98.6 167.2 101.3 229.8 131.7 50.8 205.8 169.5 127.9 123.1 247.1
1968 -4.9 -3.5 -1.3 2.8 4.1 8.1 10 9.1 6.9 7.7 0.9 -3.2 329.4 138.2 159.4 139.8 211.5 105.8 109.5 300.4 308.5 126.2 52.7 128.7
1969 -2 -6.8 -1.6 0.6 6.8 6.8 11.9 9.6 9.2 8.3 -0.9 -6.7 88.2 134.7 147 267.8 131.7 255.5 98.8 241.3 38.8 12.6 288.1 139.5
1970 -2.1 -5.7 -5.1 -1.6 4.1 10.2 9.8 11 9.5 4.8 2 -3.9 115.2 402 161.2 319.7 230.8 128.6 258.8 152.6 130.3 174.7 220.7 98.6
1971 -1.9 -4.1 -5.9 4.2 7.7 6.7 12.7 11.9 7.2 6.4 -1.5 1.6 138 90.8 95.2 45.3 100.6 320.6 71.8 147.9 37.9 46.7 199.9 50.7
1972 -3 0.1 0.7 0.2 3.7 7.3 10.4 9.9 4.8 4.1 0.6 0.8 66.5 42 88.3 201.1 150 154.4 146.2 71.2 51.6 70.3 380.3 63.3
1973 -2.2 -5.3 -2.4 -2.2 6.3 9.6 9.9 13 9.7 4.1 -0.2 -2.9 78.9 194.5 56.5 223.4 112.2 171.9 142 94.5 55 223.8 298.7 262.7
1974 0 -2.5 0.9 1.7 4.4 7.2 9.6 11.9 7.1 -2.3 -0.8 -1.5 133.5 195.6 116 43.5 149 161.9 118.2 116 150.1 336.2 193.8 306.5
1975 -0.2 -1.2 -3.3 0.5 5.4 7.4 11.1 11.7 10.1 4.1 -1.5 -2.3 215.1 31.6 102.4 129.6 92.7 202.9 109.8 211.1 121.6 62.4 210.3 21.8
1976 -3.8 0 -3.2 1.1 6.6 11.7 12.5 9.7 6.6 6.2 -1.3 -3.8 223.8 63.8 58.7 60.2 97.4 47.2 264 110.2 139.9 86.6 125.9 168.9
1977 -3.7 -2 1.3 -0.9 4.8 8.1 10.2 9.4 6.6 7.5 -1.2 0 239.9 356.4 85.9 253.7 93.5 189 220.6 133.6 68.2 86.7 339 161.5
1978 -3.7 -4.2 -1 0 3.9 7.4 9.6 8.9 7.5 5.6 2.4 -0.3 155.9 120.8 271.1 83.9 253.7 153.4 287.9 158.8 130.4 104.1 25.3 290.4
1979 -6.4 -3.3 -1.7 -0.7 5.5 9.5 10 9 8.3 7.4 -0.7 -0.9 185.2 204 276.8 209.2 126.4 122 86.4 182.4 85.8 53.3 272.1 280.8
1980 -5 -1.1 -1.7 -1 3.8 6.7 8.3 11.2 9.9 3.2 -1.6 -4.2 168 187.5 189.2 191.5 92.7 271.1 331.2 163 50.1 196.7 139.4 205.5
1981 -4.9 -5.3 1.4 2.8 5.5 8.4 9.8 11 8.5 2.9 -0.5 -4.7 222.4 103.4 223.2 41.4 207.6 149.6 234.8 84.9 145.9 445 183.7 404.1
1982 -1.4 -2.1 -2.6 -0.4 5.9 10 12.9 10.2 11 4.4 2 -1.4 285.1 31.9 91.4 58.5 108.3 216.1 218.9 176.8 66.7 300.7 127.6 327.6
1983 -0.8 -6.2 -0.6 2.1 3.4 10.1 16.4 11.9 9 4.9 2 -0.7 227.8 75.4 79.6 158.2 224.6 78.9 52 75.2 163.9 141 223 160.6
1984 -4.4 -6.5 -3.5 0.4 2.6 7.7 11.1 11 6.1 5.8 4.9 -0.9 275.3 196 50.8 47.9 165.8 95.2 134.3 135.8 285.3 145.6 140.5 84.7
1985 -8.5 -3.7 -3.7 1.3 5.9 6.5 12.2 10.8 10.8 7.1 -4.5 0.2 207.6 89.4 136.9 214.4 207 190.2 98.8 99.6 94.4 16.8 227.3 72.6
1986 -4.7 -8.4 -1.5 -0.4 7.6 9.6 10.8 10.6 8.5 7 2.1 -2 283.9 43.1 84.8 162.7 175.5 176.3 126.7 248.4 82.7 233 148.9 194.7
1987 -6.6 -3.1 -5.4 3.3 2.7 7.3 11 10.8 10.9 7.2 0.4 1.1 129.5 123.9 195.8 90 249.9 326.3 162.6 163.8 135.1 139.5 181.6 149.5
1988 -0.7 -3.8 -3.5 2.7 7.3 8.6 10.7 11.8 7.4 6.8 -0.5 -1.2 251.4 241.9 370.2 54.3 143.9 121.7 146.5 191.8 169.7 229 109 200.8
1989 1.2 -0.1 2.2 0.3 8 8 11.7 11.3 8 6.4 1.3 1.6 48.5 159.9 155.1 175.6 127.8 81.7 207.2 131.9 104.4 167.9 46.5 182.1
1990 -0.5 1.6 1.5 0 7.9 8.2 11.5 12.7 6.7 7.2 -0.9 -4.4 40.4 220.3 53 80.3 75.8 253.1 126 119.3 183 180.6 178.1 100.3
1991 -1.1 -4.4 1.9 0.4 2.5 6.9 12.8 13.6 10.3 4.2 0.2 -1.7 90.3 24.4 90.4 97.9 89.1 209.7 122.7 20 153.4 110.1 201.7 142.6
1992 -1.1 -1.5 -0.4 1.2 8.2 8.9 12.2 14.1 8.9 1.5 2.8 0 21.3 82.9 141.2 87.5 78.2 103.5 137.3 98.5 85.6 188.2 320 73
1993 -0.6 -1 -1.2 3.8 7.5 9.6 9.9 11.2 6.9 3.9 -1.6 -2.1 108 29.4 39.1 86 96.8 188.4 199.1 99.2 182.2 124 42.8 254.4
1994 -2.2 -2.5 1.6 0.3 6.5 10 15 12.6 7.8 5.5 4.5 -1.2 112.1 72.8 100.4 135.4 223.6 134.7 165.4 107.9 235.7 164.1 54.1 251.2
1995 -4.4 -1 -3 2.1 6.1 7.3 14 11.2 5.5 9 0.4 -2.5 174.9 128 129.8 65.7 236.3 104.3 117.7 183.4 191.8 44.2 146.7 146
1996 1.6 -5.6 -3.1 2.6 5.2 9.9 10 10.1 4.7 4.4 -0.3 -1.5 10.3 44.1 34.5 35 211 111.6 191.1 150.8 71.4 186 187.5 80.7
1997 -0.2 -0.3 1.6 0.4 6.4 8.5 10.2 14.1 10.3 4.2 2.2 -1.8 25.6 161.9 53.3 107.1 102.8 264.2 168.7 70.8 64.4 135.9 85.7 216.2
1998 -1.8 1.6 -1.3 0.9 7.5 10.1 10.6 12.1 7.3 3.2 -3.7 -1.9 141.3 32.6 85 154.1 62.6 140.7 116.1 176.5 216.3 205.4 121.3 37.9
1999 -1.5 -5.6 -0.1 1.5 8.4 7.9 12 11.4 10.8 5 -1.5 -3.5 91.3 174.8 103.4 128.1 169.9 198.6 181.3 150.4 151.7 112.3 102.1 266.2
2000 -3.6 -1.7 -1.3 3.5 8.2 11.3 8.7 13.1 9.5 5.1 0.3 0.6 73.7 160.5 75.4 49.7 220.6 65.1 362.8 107.5 127.5 177.2 130.4 93.4
2001 -3 -2.6 0.6 -0.4 8.6 8.1 11.9 13 4.7 9.4 -1.5 -5.8 158.3 80.2 297.8 165 174.1 218.3 148.8 101.9 280.9 115.7 126 75.3
2002 -1 -0.9 1.1 1.8 6 12.1 11 11.2 6.7 4.8 1.7 -0.3 76.6 136.4 152.3 63.6 117 129.8 171.5 155.8 111.9 293 342.9 136.8
2003 -5 -4.4 1.6 2.2 7.8 15.5 13.1 17.2 9.1 1.7 3.5 -0.8 164.7 28.6 35.9 98 172.5 87.6 115 78.5 68.8 193 68.3 85
2004 -4.5 -2.9 -1.6 2.3 4.8 9.3 11 11.9 8.8 6.5 -0.6 -0.7 178.8 21.2 56.5 54.7 109.2 112.4 111.9 319.2 75.5 213.7 52.8 83.9
2005 -3.7 -6.8 -0.6 2.8 7 11.5 11.3 9.6 9.5 8.7 -0.3 -5.2 99.8 106.4 66.7 160.3 186 47.5 145.6 141.4 93.2 111 51.8 77.8
2006 -2.8 -4.7 -3.2 1.7 6.2 11.2 16.4 7.8 12.4 8.6 3.2 0.6 26.5 55.3 231.6 98.7 225.6 36 71.4 365.7 248.8 186 101.3 111.9
2007 -1.3 0.2 -0.5 8.2 7.9 10.2 10.6 10.9 6.5 4.2 -1.1 -1.8 180.3 127.4 97.1 24.3 288.1 259.7 240.7 143.4 125.8 15.8 96.5 169.1
2008 -0.4 0 -3.1 0.9 8.6 10.4 11.3 11.1 6.3 4.7 0.4 -2.9 83.8 63.5 121.1 177.6 138.5 114.7 116 179 134.4 169.7 39.9 54.9
2009 -4.3 -4.5 -2.5 5.2 8.6 8.8 11.4 13.6 9.8 4.4 2.3 -4.4 36.6 29.3 50.6 22.2 125.2 131.8 169.8 24.3 69.8 103.6 162 170.3
2010 -6.3 -4.9 -2.5 3 3.9 10.2 13.6 10 6.9 4.4 -0.8 -5.1 32.2 58.1 64.2 13.9 179.7 97.4 94.2 274.4 131.7 40.8 83 116.6
2011 -3.2 -0.6 0.7 6.5 8.7 9.6 9 12.8 10.9 5.7 6.2 -1.9 93.1 27.4 44.5 53 56.2 161.4 193.2 169.8 105.5 115.1 7.4 426.7
2012 -3.2 -8.1 2.9 1.4 7.5 10.3 10.7 13.5 8.6 6.2 2.2 -3.2 194.1 25.7 31.7 181.6 130.9 229.2 166.6 151.1 148.1 236.3 233.3 273.5
